22 88
90 28
6496 3076

54 14
14 44
8084 1284

96 15
55 63
5535 3966

17 42
40 25
12176 3136

87 31
15 36
6672 2500

59 27
21 56
1475 15098

39 51
98 14
7890 3126

23 37
35 14
16537 6184

21 89
74 23
2407 8748

47 17
35 59
17994 16242

14 45
52 16
18768 3912

29 45
85 11
3149 4161

81 95
67 12
5489 2110

48 58
86 22
4802 2280

27 59
47 15
2602 2090

39 87
94 38
8830 6134

23 61
82 16
8405 3957

54 14
24 63
894 1708

26 14
18 35
5510 12541

65 55
21 69
430 620

11 62
50 11
11414 3683

21 54
93 22
7683 5642

20 95
52 29
5580 10155

37 13
11 66
18250 14983

54 28
37 58
17939 14902

87 65
11 79
3765 4087

74 30
16 59
9858 8342

74 31
17 59
14764 6598

12 95
27 33
945 3324

21 36
34 14
7247 5012

48 62
90 29
9150 5973

93 43
49 91
7090 6422

28 70
68 21
17176 3693

33 16
27 51
1884 2771

11 43
51 19
4114 10066

26 70
87 46
3532 6874

22 35
38 13
7508 16592

33 16
48 72
12065 15896

67 25
14 55
4093 10275

36 17
43 77
3253 1933

84 24
42 69
8862 4869

70 16
17 68
5690 3224

58 27
44 92
1890 1595

64 30
29 57
15004 15224

13 90
64 33
6560 6048

37 91
64 49
5214 8379

12 80
75 25
6684 8460

27 53
53 30
4897 14148

41 11
39 72
2818 493

74 45
14 35
8996 13510

11 36
86 58
18273 14722

99 72
11 39
2530 3390

55 17
22 80
3652 6326

11 17
76 16
5480 1976

18 73
28 22
3222 4827

14 46
33 29
2212 3932

11 14
80 28
4187 2450

28 70
78 25
2220 1810

53 19
73 91
4514 2850

21 54
54 25
5609 7594

79 15
16 80
14993 17105

20 59
35 17
10820 1709

96 22
24 43
10752 4564

94 40
36 58
9852 7180

65 51
20 84
2150 5922

65 11
20 53
1305 14157

51 22
13 21
1376 14087

86 46
11 62
2748 5398

53 28
60 99
10106 11800

74 12
11 44
4973 5380

12 39
67 42
11888 974

25 60
65 27
6515 2342

74 26
14 48
19210 13430

50 69
99 33
7240 3774

45 67
37 11
3686 14138

29 95
49 43
4565 9431

18 57
55 38
5614 5795

77 50
20 44
11983 12490

41 13
25 56
12563 10124

59 31
20 78
2604 6970

43 23
11 43
6693 13081

47 65
34 11
13417 11394

20 56
74 33
6594 17345

25 41
94 40
9707 7015

91 12
13 81
1339 5568

84 55
19 38
6899 6792

19 70
72 18
19699 316

97 61
30 83
4673 6915

50 26
30 61
3520 17598

58 28
28 65
8596 2242

61 28
14 51
12165 1966

23 53
21 12
13591 3046

14 91
58 45
2084 9230

65 49
13 52
2171 4675

76 50
15 36
4899 1150

64 14
45 68
1064 698

12 74
72 13
6536 19707

23 44
84 47
1567 1406

11 40
36 12
12837 12232

41 17
62 96
7014 9094

17 75
91 82
9013 9733

85 37
61 92
9180 9559

29 61
69 36
1713 3022

57 13
13 40
10428 9895

25 71
89 65
2297 2205

50 17
12 52
7660 5300

17 26
41 14
1477 7174

79 13
11 50
15314 8114

12 55
61 17
6120 10227

31 12
38 74
8857 12994

25 42
44 11
16916 17306

30 17
12 81
1740 4696

73 31
14 40
15110 12082

45 80
98 29
6338 2409

52 25
18 43
4750 872

69 33
32 81
5469 5769

40 50
91 19
3027 2173

43 20
12 38
8981 19516

35 89
95 21
11600 10528

65 24
11 42
4404 8318

60 19
18 42
16838 14189

12 48
80 29
12196 13036

21 46
77 38
4501 4110

24 64
52 14
13652 5138

85 33
40 86
5495 4177

38 12
16 45
13164 4079

26 54
51 16
17408 16904

49 17
36 61
19162 7451

28 74
53 13
14848 7650

16 90
55 48
5344 9150

58 89
89 17
9301 4348

67 28
22 59
3358 1182

24 12
19 58
7726 10888

35 14
24 95
2793 1715

28 51
61 30
19172 7472

15 56
46 16
1023 1816

17 65
48 38
3668 5584

21 54
61 11
11991 18859

14 55
75 35
19132 2310

41 17
18 39
6083 1862

51 35
36 83
2145 3046

14 38
72 26
2888 2756

58 29
13 51
6863 10160

13 96
29 15
2882 10329

70 19
52 73
6448 2869

11 18
83 21
9251 3771

15 23
79 21
8031 2401

98 30
54 63
11208 6498

55 99
95 28
4860 6317

70 46
46 95
7920 8767

14 64
98 57
8302 7063

21 35
47 24
16138 5819

40 19
12 56
2136 16745

66 88
93 28
7542 5064

67 17
26 79
2853 11008

14 64
49 17
5779 1875

53 11
78 85
5329 2207

26 45
49 27
3094 18575

92 29
50 80
7664 7298

86 34
56 96
6904 4576

90 20
42 83
4584 2271

44 15
11 86
2893 3865

13 74
73 83
4836 5913

18 25
34 11
6516 3080

43 79
48 16
2705 19645

14 34
38 11
16458 694

11 65
73 12
5171 6084

35 96
34 22
2159 5138

60 97
79 11
2060 996

84 40
11 48
4701 9240

28 52
76 12
1652 2164

80 39
31 69
2639 3927

28 67
69 26
17895 8565

23 64
51 12
3692 2192

58 68
98 21
6592 6414

56 16
20 50
11020 12110

61 30
31 72
2194 4314

71 91
85 16
2212 1348

32 89
97 17
10977 6010

24 59
77 26
779 772

97 14
92 98
12922 6440

32 61
27 12
18566 14066

12 22
31 16
18413 7708

17 83
80 15
9991 3749

17 47
55 29
4378 4302

46 83
89 44
2105 1583

14 57
48 46
3430 3505

59 74
11 85
4377 9762

83 13
26 30
4799 3137

15 44
57 30
9431 7420

79 13
18 84
1520 16040

61 23
19 65
2384 10448

49 80
40 11
2610 7372

52 13
19 53
7647 6217

65 11
13 48
7959 15911

29 54
58 26
8062 7468

29 47
48 25
8429 3387

43 18
13 42
9727 13562

93 30
42 93
5049 6078

50 81
43 21
3726 4479

81 14
86 84
1240 560

85 42
40 72
6055 3462

77 49
17 43
258 17752

80 13
18 81
17860 17952

14 52
55 26
9020 12392

29 77
55 15
3921 673

14 32
73 36
4950 4248

31 17
17 42
16984 1954

26 73
55 30
3857 3986

52 16
28 65
9720 15359

23 99
66 59
6012 5845

34 74
59 11
9275 6403

11 67
55 20
5841 5652

62 50
30 98
4934 10474

98 19
17 80
9189 4773

44 83
75 12
8795 5585

86 26
21 83
6345 8127

51 25
23 44
776 904

58 32
19 44
11826 13192

26 45
57 11
2619 3744

46 82
72 17
8880 8926

28 52
27 13
18645 13315

46 78
50 20
4728 18484

48 13
37 56
3855 3389

16 71
98 57
8548 6946

42 81
42 11
19562 12351

75 14
20 69
5075 6976

46 19
15 33
6961 12343

50 39
21 83
4227 5762

38 36
15 75
3085 5415

33 40
92 31
10370 6209

12 79
98 40
7192 6196

32 66
59 17
6974 5112

19 68
61 22
8482 12924

23 83
65 13
12764 3452

15 86
67 71
1149 2830

31 59
41 23
18669 18295

25 76
59 16
11850 8876

59 26
21 90
5841 7338

23 74
74 24
15709 15466

22 62
90 64
6680 7068

33 77
90 27
6234 7775

46 22
31 60
15357 5022

27 39
50 12
2143 807

28 17
27 93
1707 5403

48 26
19 46
796 2444

78 18
13 61
4865 12725

61 86
92 23
7408 4682

19 59
69 20
11322 9785

42 30
16 39
13434 19544

89 20
24 39
1902 2343

38 88
80 58
8576 8152

22 50
88 17
1848 1455

18 83
82 42
1088 2328

55 17
41 77
2658 14422

66 17
20 66
15730 2577

22 50
62 25
9266 19625

42 90
57 39
1050 1086

44 17
24 49
17292 10299

82 45
18 82
7086 4682

59 11
18 48
2691 14187

11 26
47 27
1434 2044

55 17
19 69
15509 2755

31 62
66 42
5163 3666

37 98
65 20
5619 6666

93 48
53 93
9198 8883

85 81
24 85
9409 14620

30 92
65 47
3130 8380

26 54
91 37
11583 9009

12 67
49 12
9413 18778

30 76
45 11
18185 4751

96 27
20 52
2032 2612

66 23
21 50
9587 439

84 30
19 41
3287 1345

40 72
49 17
19636 18100

29 45
63 22
6502 2968

18 49
64 39
8748 13664

28 26
85 18
2548 660

42 99
35 12
4669 4731

11 57
59 16
16101 6035

48 29
18 40
4596 3767

41 23
18 37
7736 12782

39 16
25 62
8886 2984

90 74
15 50
4845 4850

51 32
26 90
2766 7262

11 45
80 28
5239 19165

16 14
15 61
1923 6135

35 16
33 85
2002 4341

97 41
33 89
9891 7483

99 47
38 98
4320 7808

14 34
44 33
398 9971

12 74
67 15
392 12854

17 34
44 12
17044 14284

59 18
28 68
1748 19632

35 98
93 68
8712 9194

49 16
12 45
14755 14821

43 13
72 94
8420 7024

52 12
26 74
4566 12022

32 52
52 27
18460 13605

12 95
55 52
4671 5922

54 35
12 32
15578 16663

55 86
29 14
1023 910

16 56
55 21
8007 3189

18 55
51 22
1715 9912

43 13
15 39
2058 1794

91 15
53 78
10286 5505

28 17
16 30
14204 3857

55 24
21 54
2567 3900

16 62
31 14
9840 16924

54 33
14 42
7068 9455

49 14
42 44
6230 4212

30 12
24 63
13616 2360

12 46
69 35
2648 18288

89 15
50 85
8434 6705

84 12
22 27
9134 2283

17 37
47 12
12898 9663

23 66
33 14
6330 13868

20 44
59 18
5339 9306

96 72
14 47
6690 6441

91 21
53 85
8811 2761

